{
  "frames": [
    {
      "camera_model": "OPENCV",
      "camera_label": "test2_c1",
      "w": 3840,
      "h": 2160,
      "fl_x": 2543.0016,
      "fl_y": 2543.0016,
      "cx": 1920.0,
      "cy": 1080.0,
      "k1": 0.0,
      "k2": 0.0,
      "p1": 0.0,
      "p2": 0.0,
      "transform_matrix": [
        [
          0.8621845784864571,
          0.021882710909291007,
          -0.5061214277062289,
          0.44
        ],
        [
          -0.5063118768901467,
          0.0038681991447705307,
          -0.8623417654012552,
          0.6499999999999999
        ],
        [
          -0.016912597083479947,
          0.9997530615100095,
          0.014414578081063263,
          1.4497919442602099
        ],
        [
          0.0,
          0.0,
          0.0,
          1.0
        ]
      ],
      "file_path": "results_cropped/test2_c1/rgb_full/0000.png",
      "frame": 0
    },
    {
      "camera_model": "OPENCV",
      "camera_label": "test2_c1",
      "w": 3840,
      "h": 2160,
      "fl_x": 2543.0016,
      "fl_y": 2543.0016,
      "cx": 1920.0,
      "cy": 1080.0,
      "k1": 0.0,
      "k2": 0.0,
      "p1": 0.0,
      "p2": 0.0,
      "transform_matrix": [
        [
          0.8621845784864571,
          0.021882710909291007,
          -0.5061214277062289,
          0.44
        ],
        [
          -0.5063118768901467,
          0.0038681991447705307,
          -0.8623417654012552,
          0.6499999999999999
        ],
        [
          -0.016912597083479947,
          0.9997530615100095,
          0.014414578081063263,
          1.4497919442602099
        ],
        [
          0.0,
          0.0,
          0.0,
          1.0
        ]
      ],
      "file_path": "results_cropped/test2_c1/rgb_full/0001.png",
      "frame": 1
    },
    {
      "camera_model": "OPENCV",
      "camera_label": "test2_c1",
      "w": 3840,
      "h": 2160,
      "fl_x": 2543.0016,
      "fl_y": 2543.0016,
      "cx": 1920.0,
      "cy": 1080.0,
      "k1": 0.0,
      "k2": 0.0,
      "p1": 0.0,
      "p2": 0.0,
      "transform_matrix": [
        [
          0.8621845784864571,
          0.021882710909291007,
          -0.5061214277062289,
          0.44
        ],
        [
          -0.5063118768901467,
          0.0038681991447705307,
          -0.8623417654012552,
          0.6499999999999999
        ],
        [
          -0.016912597083479947,
          0.9997530615100095,
          0.014414578081063263,
          1.4497919442602099
        ],
        [
          0.0,
          0.0,
          0.0,
          1.0
        ]
      ],
      "file_path": "results_cropped/test2_c1/rgb_full/0002.png",
      "frame": 2
    },
    {
      "camera_model": "OPENCV",
      "camera_label": "test2_c1",
      "w": 3840,
      "h": 2160,
      "fl_x": 2543.0016,
      "fl_y": 2543.0016,
      "cx": 1920.0,
      "cy": 1080.0,
      "k1": 0.0,
      "k2": 0.0,
      "p1": 0.0,
      "p2": 0.0,
      "transform_matrix": [
        [
          0.8621845784864571,
          0.021882710909291007,
          -0.5061214277062289,
          0.44
        ],
        [
          -0.5063118768901467,
          0.0038681991447705307,
          -0.8623417654012552,
          0.6499999999999999
        ],
        [
          -0.016912597083479947,
          0.9997530615100095,
          0.014414578081063263,
          1.4497919442602099
        ],
        [
          0.0,
          0.0,
          0.0,
          1.0
        ]
      ],
      "file_path": "results_cropped/test2_c1/rgb_full/0003.png",
      "frame": 3
    },
    {
      "camera_model": "OPENCV",
      "camera_label": "test2_c1",
      "w": 3840,
      "h": 2160,
      "fl_x": 2543.0016,
      "fl_y": 2543.0016,
      "cx": 1920.0,
      "cy": 1080.0,
      "k1": 0.0,
      "k2": 0.0,
      "p1": 0.0,
      "p2": 0.0,
      "transform_matrix": [
        [
          0.8621845784864571,
          0.021882710909291007,
          -0.5061214277062289,
          0.44
        ],
        [
          -0.5063118768901467,
          0.0038681991447705307,
          -0.8623417654012552,
          0.6499999999999999
        ],
        [
          -0.016912597083479947,
          0.9997530615100095,
          0.014414578081063263,
          1.4497919442602099
        ],
        [
          0.0,
          0.0,
          0.0,
          1.0
        ]
      ],
      "file_path": "results_cropped/test2_c1/rgb_full/0004.png",
      "frame": 4
    },
    {
      "camera_model": "OPENCV",
      "camera_label": "test2_c1",
      "w": 3840,
      "h": 2160,
      "fl_x": 2543.0016,
      "fl_y": 2543.0016,
      "cx": 1920.0,
      "cy": 1080.0,
      "k1": 0.0,
      "k2": 0.0,
      "p1": 0.0,
      "p2": 0.0,
      "transform_matrix": [
        [
          0.8621845784864571,
          0.021882710909291007,
          -0.5061214277062289,
          0.44
        ],
        [
          -0.5063118768901467,
          0.0038681991447705307,
          -0.8623417654012552,
          0.6499999999999999
        ],
        [
          -0.016912597083479947,
          0.9997530615100095,
          0.014414578081063263,
          1.4497919442602099
        ],
        [
          0.0,
          0.0,
          0.0,
          1.0
        ]
      ],
      "file_path": "results_cropped/test2_c1/rgb_full/0005.png",
      "frame": 5
    },
    {
      "camera_model": "OPENCV",
      "camera_label": "test2_c1",
      "w": 3840,
      "h": 2160,
      "fl_x": 2543.0016,
      "fl_y": 2543.0016,
      "cx": 1920.0,
      "cy": 1080.0,
      "k1": 0.0,
      "k2": 0.0,
      "p1": 0.0,
      "p2": 0.0,
      "transform_matrix": [
        [
          0.8621845784864571,
          0.021882710909291007,
          -0.5061214277062289,
          0.44
        ],
        [
          -0.5063118768901467,
          0.0038681991447705307,
          -0.8623417654012552,
          0.6499999999999999
        ],
        [
          -0.016912597083479947,
          0.9997530615100095,
          0.014414578081063263,
          1.4497919442602099
        ],
        [
          0.0,
          0.0,
          0.0,
          1.0
        ]
      ],
      "file_path": "results_cropped/test2_c1/rgb_full/0006.png",
      "frame": 6
    },
    {
      "camera_model": "OPENCV",
      "camera_label": "test2_c1",
      "w": 3840,
      "h": 2160,
      "fl_x": 2543.0016,
      "fl_y": 2543.0016,
      "cx": 1920.0,
      "cy": 1080.0,
      "k1": 0.0,
      "k2": 0.0,
      "p1": 0.0,
      "p2": 0.0,
      "transform_matrix": [
        [
          0.8621845784864571,
          0.021882710909291007,
          -0.5061214277062289,
          0.44
        ],
        [
          -0.5063118768901467,
          0.0038681991447705307,
          -0.8623417654012552,
          0.6499999999999999
        ],
        [
          -0.016912597083479947,
          0.9997530615100095,
          0.014414578081063263,
          1.4497919442602099
        ],
        [
          0.0,
          0.0,
          0.0,
          1.0
        ]
      ],
      "file_path": "results_cropped/test2_c1/rgb_full/0007.png",
      "frame": 7
    },
    {
      "camera_model": "OPENCV",
      "camera_label": "test2_c1",
      "w": 3840,
      "h": 2160,
      "fl_x": 2543.0016,
      "fl_y": 2543.0016,
      "cx": 1920.0,
      "cy": 1080.0,
      "k1": 0.0,
      "k2": 0.0,
      "p1": 0.0,
      "p2": 0.0,
      "transform_matrix": [
        [
          0.8621845784864571,
          0.021882710909291007,
          -0.5061214277062289,
          0.44
        ],
        [
          -0.5063118768901467,
          0.0038681991447705307,
          -0.8623417654012552,
          0.6499999999999999
        ],
        [
          -0.016912597083479947,
          0.9997530615100095,
          0.014414578081063263,
          1.4497919442602099
        ],
        [
          0.0,
          0.0,
          0.0,
          1.0
        ]
      ],
      "file_path": "results_cropped/test2_c1/rgb_full/0008.png",
      "frame": 8
    },
    {
      "camera_model": "OPENCV",
      "camera_label": "test2_c1",
      "w": 3840,
      "h": 2160,
      "fl_x": 2543.0016,
      "fl_y": 2543.0016,
      "cx": 1920.0,
      "cy": 1080.0,
      "k1": 0.0,
      "k2": 0.0,
      "p1": 0.0,
      "p2": 0.0,
      "transform_matrix": [
        [
          0.8621845784864571,
          0.021882710909291007,
          -0.5061214277062289,
          0.44
        ],
        [
          -0.5063118768901467,
          0.0038681991447705307,
          -0.8623417654012552,
          0.6499999999999999
        ],
        [
          -0.016912597083479947,
          0.9997530615100095,
          0.014414578081063263,
          1.4497919442602099
        ],
        [
          0.0,
          0.0,
          0.0,
          1.0
        ]
      ],
      "file_path": "results_cropped/test2_c1/rgb_full/0009.png",
      "frame": 9
    },
    {
      "camera_model": "OPENCV",
      "camera_label": "test2_c1",
      "w": 3840,
      "h": 2160,
      "fl_x": 2543.0016,
      "fl_y": 2543.0016,
      "cx": 1920.0,
      "cy": 1080.0,
      "k1": 0.0,
      "k2": 0.0,
      "p1": 0.0,
      "p2": 0.0,
      "transform_matrix": [
        [
          0.8621845784864571,
          0.021882710909291007,
          -0.5061214277062289,
          0.44
        ],
        [
          -0.5063118768901467,
          0.0038681991447705307,
          -0.8623417654012552,
          0.6499999999999999
        ],
        [
          -0.016912597083479947,
          0.9997530615100095,
          0.014414578081063263,
          1.4497919442602099
        ],
        [
          0.0,
          0.0,
          0.0,
          1.0
        ]
      ],
      "file_path": "results_cropped/test2_c1/rgb_full/0010.png",
      "frame": 10
    },
    {
      "camera_model": "OPENCV",
      "camera_label": "test2_c1",
      "w": 3840,
      "h": 2160,
      "fl_x": 2543.0016,
      "fl_y": 2543.0016,
      "cx": 1920.0,
      "cy": 1080.0,
      "k1": 0.0,
      "k2": 0.0,
      "p1": 0.0,
      "p2": 0.0,
      "transform_matrix": [
        [
          0.8621845784864571,
          0.021882710909291007,
          -0.5061214277062289,
          0.44
        ],
        [
          -0.5063118768901467,
          0.0038681991447705307,
          -0.8623417654012552,
          0.6499999999999999
        ],
        [
          -0.016912597083479947,
          0.9997530615100095,
          0.014414578081063263,
          1.4497919442602099
        ],
        [
          0.0,
          0.0,
          0.0,
          1.0
        ]
      ],
      "file_path": "results_cropped/test2_c1/rgb_full/0011.png",
      "frame": 11
    },
    {
      "camera_model": "OPENCV",
      "camera_label": "test2_c1",
      "w": 3840,
      "h": 2160,
      "fl_x": 2543.0016,
      "fl_y": 2543.0016,
      "cx": 1920.0,
      "cy": 1080.0,
      "k1": 0.0,
      "k2": 0.0,
      "p1": 0.0,
      "p2": 0.0,
      "transform_matrix": [
        [
          0.8621845784864571,
          0.021882710909291007,
          -0.5061214277062289,
          0.44
        ],
        [
          -0.5063118768901467,
          0.0038681991447705307,
          -0.8623417654012552,
          0.6499999999999999
        ],
        [
          -0.016912597083479947,
          0.9997530615100095,
          0.014414578081063263,
          1.4497919442602099
        ],
        [
          0.0,
          0.0,
          0.0,
          1.0
        ]
      ],
      "file_path": "results_cropped/test2_c1/rgb_full/0012.png",
      "frame": 12
    },
    {
      "camera_model": "OPENCV",
      "camera_label": "test2_c1",
      "w": 3840,
      "h": 2160,
      "fl_x": 2543.0016,
      "fl_y": 2543.0016,
      "cx": 1920.0,
      "cy": 1080.0,
      "k1": 0.0,
      "k2": 0.0,
      "p1": 0.0,
      "p2": 0.0,
      "transform_matrix": [
        [
          0.8621845784864571,
          0.021882710909291007,
          -0.5061214277062289,
          0.44
        ],
        [
          -0.5063118768901467,
          0.0038681991447705307,
          -0.8623417654012552,
          0.6499999999999999
        ],
        [
          -0.016912597083479947,
          0.9997530615100095,
          0.014414578081063263,
          1.4497919442602099
        ],
        [
          0.0,
          0.0,
          0.0,
          1.0
        ]
      ],
      "file_path": "results_cropped/test2_c1/rgb_full/0013.png",
      "frame": 13
    },
    {
      "camera_model": "OPENCV",
      "camera_label": "test2_c1",
      "w": 3840,
      "h": 2160,
      "fl_x": 2543.0016,
      "fl_y": 2543.0016,
      "cx": 1920.0,
      "cy": 1080.0,
      "k1": 0.0,
      "k2": 0.0,
      "p1": 0.0,
      "p2": 0.0,
      "transform_matrix": [
        [
          0.8621845784864571,
          0.021882710909291007,
          -0.5061214277062289,
          0.44
        ],
        [
          -0.5063118768901467,
          0.0038681991447705307,
          -0.8623417654012552,
          0.6499999999999999
        ],
        [
          -0.016912597083479947,
          0.9997530615100095,
          0.014414578081063263,
          1.4497919442602099
        ],
        [
          0.0,
          0.0,
          0.0,
          1.0
        ]
      ],
      "file_path": "results_cropped/test2_c1/rgb_full/0014.png",
      "frame": 14
    },
    {
      "camera_model": "OPENCV",
      "camera_label": "test2_c1",
      "w": 3840,
      "h": 2160,
      "fl_x": 2543.0016,
      "fl_y": 2543.0016,
      "cx": 1920.0,
      "cy": 1080.0,
      "k1": 0.0,
      "k2": 0.0,
      "p1": 0.0,
      "p2": 0.0,
      "transform_matrix": [
        [
          0.8621845784864571,
          0.021882710909291007,
          -0.5061214277062289,
          0.44
        ],
        [
          -0.5063118768901467,
          0.0038681991447705307,
          -0.8623417654012552,
          0.6499999999999999
        ],
        [
          -0.016912597083479947,
          0.9997530615100095,
          0.014414578081063263,
          1.4497919442602099
        ],
        [
          0.0,
          0.0,
          0.0,
          1.0
        ]
      ],
      "file_path": "results_cropped/test2_c1/rgb_full/0015.png",
      "frame": 15
    },
    {
      "camera_model": "OPENCV",
      "camera_label": "test2_c1",
      "w": 3840,
      "h": 2160,
      "fl_x": 2543.0016,
      "fl_y": 2543.0016,
      "cx": 1920.0,
      "cy": 1080.0,
      "k1": 0.0,
      "k2": 0.0,
      "p1": 0.0,
      "p2": 0.0,
      "transform_matrix": [
        [
          0.8621845784864571,
          0.021882710909291007,
          -0.5061214277062289,
          0.44
        ],
        [
          -0.5063118768901467,
          0.0038681991447705307,
          -0.8623417654012552,
          0.6499999999999999
        ],
        [
          -0.016912597083479947,
          0.9997530615100095,
          0.014414578081063263,
          1.4497919442602099
        ],
        [
          0.0,
          0.0,
          0.0,
          1.0
        ]
      ],
      "file_path": "results_cropped/test2_c1/rgb_full/0016.png",
      "frame": 16
    },
    {
      "camera_model": "OPENCV",
      "camera_label": "test2_c1",
      "w": 3840,
      "h": 2160,
      "fl_x": 2543.0016,
      "fl_y": 2543.0016,
      "cx": 1920.0,
      "cy": 1080.0,
      "k1": 0.0,
      "k2": 0.0,
      "p1": 0.0,
      "p2": 0.0,
      "transform_matrix": [
        [
          0.8621845784864571,
          0.021882710909291007,
          -0.5061214277062289,
          0.44
        ],
        [
          -0.5063118768901467,
          0.0038681991447705307,
          -0.8623417654012552,
          0.6499999999999999
        ],
        [
          -0.016912597083479947,
          0.9997530615100095,
          0.014414578081063263,
          1.4497919442602099
        ],
        [
          0.0,
          0.0,
          0.0,
          1.0
        ]
      ],
      "file_path": "results_cropped/test2_c1/rgb_full/0017.png",
      "frame": 17
    },
    {
      "camera_model": "OPENCV",
      "camera_label": "test2_c1",
      "w": 3840,
      "h": 2160,
      "fl_x": 2543.0016,
      "fl_y": 2543.0016,
      "cx": 1920.0,
      "cy": 1080.0,
      "k1": 0.0,
      "k2": 0.0,
      "p1": 0.0,
      "p2": 0.0,
      "transform_matrix": [
        [
          0.8621845784864571,
          0.021882710909291007,
          -0.5061214277062289,
          0.44
        ],
        [
          -0.5063118768901467,
          0.0038681991447705307,
          -0.8623417654012552,
          0.6499999999999999
        ],
        [
          -0.016912597083479947,
          0.9997530615100095,
          0.014414578081063263,
          1.4497919442602099
        ],
        [
          0.0,
          0.0,
          0.0,
          1.0
        ]
      ],
      "file_path": "results_cropped/test2_c1/rgb_full/0018.png",
      "frame": 18
    },
    {
      "camera_model": "OPENCV",
      "camera_label": "test2_c1",
      "w": 3840,
      "h": 2160,
      "fl_x": 2543.0016,
      "fl_y": 2543.0016,
      "cx": 1920.0,
      "cy": 1080.0,
      "k1": 0.0,
      "k2": 0.0,
      "p1": 0.0,
      "p2": 0.0,
      "transform_matrix": [
        [
          0.8621845784864571,
          0.021882710909291007,
          -0.5061214277062289,
          0.44
        ],
        [
          -0.5063118768901467,
          0.0038681991447705307,
          -0.8623417654012552,
          0.6499999999999999
        ],
        [
          -0.016912597083479947,
          0.9997530615100095,
          0.014414578081063263,
          1.4497919442602099
        ],
        [
          0.0,
          0.0,
          0.0,
          1.0
        ]
      ],
      "file_path": "results_cropped/test2_c1/rgb_full/0019.png",
      "frame": 19
    },
    {
      "camera_model": "OPENCV",
      "camera_label": "test2_c1",
      "w": 3840,
      "h": 2160,
      "fl_x": 2543.0016,
      "fl_y": 2543.0016,
      "cx": 1920.0,
      "cy": 1080.0,
      "k1": 0.0,
      "k2": 0.0,
      "p1": 0.0,
      "p2": 0.0,
      "transform_matrix": [
        [
          0.8621845784864571,
          0.021882710909291007,
          -0.5061214277062289,
          0.44
        ],
        [
          -0.5063118768901467,
          0.0038681991447705307,
          -0.8623417654012552,
          0.6499999999999999
        ],
        [
          -0.016912597083479947,
          0.9997530615100095,
          0.014414578081063263,
          1.4497919442602099
        ],
        [
          0.0,
          0.0,
          0.0,
          1.0
        ]
      ],
      "file_path": "results_cropped/test2_c1/rgb_full/0020.png",
      "frame": 20
    },
    {
      "camera_model": "OPENCV",
      "camera_label": "test2_c1",
      "w": 3840,
      "h": 2160,
      "fl_x": 2543.0016,
      "fl_y": 2543.0016,
      "cx": 1920.0,
      "cy": 1080.0,
      "k1": 0.0,
      "k2": 0.0,
      "p1": 0.0,
      "p2": 0.0,
      "transform_matrix": [
        [
          0.8621845784864571,
          0.021882710909291007,
          -0.5061214277062289,
          0.44
        ],
        [
          -0.5063118768901467,
          0.0038681991447705307,
          -0.8623417654012552,
          0.6499999999999999
        ],
        [
          -0.016912597083479947,
          0.9997530615100095,
          0.014414578081063263,
          1.4497919442602099
        ],
        [
          0.0,
          0.0,
          0.0,
          1.0
        ]
      ],
      "file_path": "results_cropped/test2_c1/rgb_full/0021.png",
      "frame": 21
    },
    {
      "camera_model": "OPENCV",
      "camera_label": "test2_c1",
      "w": 3840,
      "h": 2160,
      "fl_x": 2543.0016,
      "fl_y": 2543.0016,
      "cx": 1920.0,
      "cy": 1080.0,
      "k1": 0.0,
      "k2": 0.0,
      "p1": 0.0,
      "p2": 0.0,
      "transform_matrix": [
        [
          0.8621845784864571,
          0.021882710909291007,
          -0.5061214277062289,
          0.44
        ],
        [
          -0.5063118768901467,
          0.0038681991447705307,
          -0.8623417654012552,
          0.6499999999999999
        ],
        [
          -0.016912597083479947,
          0.9997530615100095,
          0.014414578081063263,
          1.4497919442602099
        ],
        [
          0.0,
          0.0,
          0.0,
          1.0
        ]
      ],
      "file_path": "results_cropped/test2_c1/rgb_full/0022.png",
      "frame": 22
    },
    {
      "camera_model": "OPENCV",
      "camera_label": "test2_c1",
      "w": 3840,
      "h": 2160,
      "fl_x": 2543.0016,
      "fl_y": 2543.0016,
      "cx": 1920.0,
      "cy": 1080.0,
      "k1": 0.0,
      "k2": 0.0,
      "p1": 0.0,
      "p2": 0.0,
      "transform_matrix": [
        [
          0.8621845784864571,
          0.021882710909291007,
          -0.5061214277062289,
          0.44
        ],
        [
          -0.5063118768901467,
          0.0038681991447705307,
          -0.8623417654012552,
          0.6499999999999999
        ],
        [
          -0.016912597083479947,
          0.9997530615100095,
          0.014414578081063263,
          1.4497919442602099
        ],
        [
          0.0,
          0.0,
          0.0,
          1.0
        ]
      ],
      "file_path": "results_cropped/test2_c1/rgb_full/0023.png",
      "frame": 23
    },
    {
      "camera_model": "OPENCV",
      "camera_label": "test2_c1",
      "w": 3840,
      "h": 2160,
      "fl_x": 2543.0016,
      "fl_y": 2543.0016,
      "cx": 1920.0,
      "cy": 1080.0,
      "k1": 0.0,
      "k2": 0.0,
      "p1": 0.0,
      "p2": 0.0,
      "transform_matrix": [
        [
          0.8621845784864571,
          0.021882710909291007,
          -0.5061214277062289,
          0.44
        ],
        [
          -0.5063118768901467,
          0.0038681991447705307,
          -0.8623417654012552,
          0.6499999999999999
        ],
        [
          -0.016912597083479947,
          0.9997530615100095,
          0.014414578081063263,
          1.4497919442602099
        ],
        [
          0.0,
          0.0,
          0.0,
          1.0
        ]
      ],
      "file_path": "results_cropped/test2_c1/rgb_full/0024.png",
      "frame": 24
    },
    {
      "camera_model": "OPENCV",
      "camera_label": "test2_c1",
      "w": 3840,
      "h": 2160,
      "fl_x": 2543.0016,
      "fl_y": 2543.0016,
      "cx": 1920.0,
      "cy": 1080.0,
      "k1": 0.0,
      "k2": 0.0,
      "p1": 0.0,
      "p2": 0.0,
      "transform_matrix": [
        [
          0.8621845784864571,
          0.021882710909291007,
          -0.5061214277062289,
          0.44
        ],
        [
          -0.5063118768901467,
          0.0038681991447705307,
          -0.8623417654012552,
          0.6499999999999999
        ],
        [
          -0.016912597083479947,
          0.9997530615100095,
          0.014414578081063263,
          1.4497919442602099
        ],
        [
          0.0,
          0.0,
          0.0,
          1.0
        ]
      ],
      "file_path": "results_cropped/test2_c1/rgb_full/0025.png",
      "frame": 25
    },
    {
      "camera_model": "OPENCV",
      "camera_label": "test2_c1",
      "w": 3840,
      "h": 2160,
      "fl_x": 2543.0016,
      "fl_y": 2543.0016,
      "cx": 1920.0,
      "cy": 1080.0,
      "k1": 0.0,
      "k2": 0.0,
      "p1": 0.0,
      "p2": 0.0,
      "transform_matrix": [
        [
          0.8621845784864571,
          0.021882710909291007,
          -0.5061214277062289,
          0.44
        ],
        [
          -0.5063118768901467,
          0.0038681991447705307,
          -0.8623417654012552,
          0.6499999999999999
        ],
        [
          -0.016912597083479947,
          0.9997530615100095,
          0.014414578081063263,
          1.4497919442602099
        ],
        [
          0.0,
          0.0,
          0.0,
          1.0
        ]
      ],
      "file_path": "results_cropped/test2_c1/rgb_full/0026.png",
      "frame": 26
    },
    {
      "camera_model": "OPENCV",
      "camera_label": "test2_c1",
      "w": 3840,
      "h": 2160,
      "fl_x": 2543.0016,
      "fl_y": 2543.0016,
      "cx": 1920.0,
      "cy": 1080.0,
      "k1": 0.0,
      "k2": 0.0,
      "p1": 0.0,
      "p2": 0.0,
      "transform_matrix": [
        [
          0.8621845784864571,
          0.021882710909291007,
          -0.5061214277062289,
          0.44
        ],
        [
          -0.5063118768901467,
          0.0038681991447705307,
          -0.8623417654012552,
          0.6499999999999999
        ],
        [
          -0.016912597083479947,
          0.9997530615100095,
          0.014414578081063263,
          1.4497919442602099
        ],
        [
          0.0,
          0.0,
          0.0,
          1.0
        ]
      ],
      "file_path": "results_cropped/test2_c1/rgb_full/0027.png",
      "frame": 27
    },
    {
      "camera_model": "OPENCV",
      "camera_label": "test2_c1",
      "w": 3840,
      "h": 2160,
      "fl_x": 2543.0016,
      "fl_y": 2543.0016,
      "cx": 1920.0,
      "cy": 1080.0,
      "k1": 0.0,
      "k2": 0.0,
      "p1": 0.0,
      "p2": 0.0,
      "transform_matrix": [
        [
          0.8621845784864571,
          0.021882710909291007,
          -0.5061214277062289,
          0.44
        ],
        [
          -0.5063118768901467,
          0.0038681991447705307,
          -0.8623417654012552,
          0.6499999999999999
        ],
        [
          -0.016912597083479947,
          0.9997530615100095,
          0.014414578081063263,
          1.4497919442602099
        ],
        [
          0.0,
          0.0,
          0.0,
          1.0
        ]
      ],
      "file_path": "results_cropped/test2_c1/rgb_full/0028.png",
      "frame": 28
    },
    {
      "camera_model": "OPENCV",
      "camera_label": "test2_c1",
      "w": 3840,
      "h": 2160,
      "fl_x": 2543.0016,
      "fl_y": 2543.0016,
      "cx": 1920.0,
      "cy": 1080.0,
      "k1": 0.0,
      "k2": 0.0,
      "p1": 0.0,
      "p2": 0.0,
      "transform_matrix": [
        [
          0.8621845784864571,
          0.021882710909291007,
          -0.5061214277062289,
          0.44
        ],
        [
          -0.5063118768901467,
          0.0038681991447705307,
          -0.8623417654012552,
          0.6499999999999999
        ],
        [
          -0.016912597083479947,
          0.9997530615100095,
          0.014414578081063263,
          1.4497919442602099
        ],
        [
          0.0,
          0.0,
          0.0,
          1.0
        ]
      ],
      "file_path": "results_cropped/test2_c1/rgb_full/0029.png",
      "frame": 29
    },
    {
      "camera_model": "OPENCV",
      "camera_label": "test2_c1",
      "w": 3840,
      "h": 2160,
      "fl_x": 2543.0016,
      "fl_y": 2543.0016,
      "cx": 1920.0,
      "cy": 1080.0,
      "k1": 0.0,
      "k2": 0.0,
      "p1": 0.0,
      "p2": 0.0,
      "transform_matrix": [
        [
          0.8621845784864571,
          0.021882710909291007,
          -0.5061214277062289,
          0.44
        ],
        [
          -0.5063118768901467,
          0.0038681991447705307,
          -0.8623417654012552,
          0.6499999999999999
        ],
        [
          -0.016912597083479947,
          0.9997530615100095,
          0.014414578081063263,
          1.4497919442602099
        ],
        [
          0.0,
          0.0,
          0.0,
          1.0
        ]
      ],
      "file_path": "results_cropped/test2_c1/rgb_full/0030.png",
      "frame": 30
    },
    {
      "camera_model": "OPENCV",
      "camera_label": "test2_c1",
      "w": 3840,
      "h": 2160,
      "fl_x": 2543.0016,
      "fl_y": 2543.0016,
      "cx": 1920.0,
      "cy": 1080.0,
      "k1": 0.0,
      "k2": 0.0,
      "p1": 0.0,
      "p2": 0.0,
      "transform_matrix": [
        [
          0.8621845784864571,
          0.021882710909291007,
          -0.5061214277062289,
          0.44
        ],
        [
          -0.5063118768901467,
          0.0038681991447705307,
          -0.8623417654012552,
          0.6499999999999999
        ],
        [
          -0.016912597083479947,
          0.9997530615100095,
          0.014414578081063263,
          1.4497919442602099
        ],
        [
          0.0,
          0.0,
          0.0,
          1.0
        ]
      ],
      "file_path": "results_cropped/test2_c1/rgb_full/0031.png",
      "frame": 31
    },
    {
      "camera_model": "OPENCV",
      "camera_label": "test2_c1",
      "w": 3840,
      "h": 2160,
      "fl_x": 2543.0016,
      "fl_y": 2543.0016,
      "cx": 1920.0,
      "cy": 1080.0,
      "k1": 0.0,
      "k2": 0.0,
      "p1": 0.0,
      "p2": 0.0,
      "transform_matrix": [
        [
          0.8621845784864571,
          0.021882710909291007,
          -0.5061214277062289,
          0.44
        ],
        [
          -0.5063118768901467,
          0.0038681991447705307,
          -0.8623417654012552,
          0.6499999999999999
        ],
        [
          -0.016912597083479947,
          0.9997530615100095,
          0.014414578081063263,
          1.4497919442602099
        ],
        [
          0.0,
          0.0,
          0.0,
          1.0
        ]
      ],
      "file_path": "results_cropped/test2_c1/rgb_full/0032.png",
      "frame": 32
    },
    {
      "camera_model": "OPENCV",
      "camera_label": "test2_c1",
      "w": 3840,
      "h": 2160,
      "fl_x": 2543.0016,
      "fl_y": 2543.0016,
      "cx": 1920.0,
      "cy": 1080.0,
      "k1": 0.0,
      "k2": 0.0,
      "p1": 0.0,
      "p2": 0.0,
      "transform_matrix": [
        [
          0.8621845784864571,
          0.021882710909291007,
          -0.5061214277062289,
          0.44
        ],
        [
          -0.5063118768901467,
          0.0038681991447705307,
          -0.8623417654012552,
          0.6499999999999999
        ],
        [
          -0.016912597083479947,
          0.9997530615100095,
          0.014414578081063263,
          1.4497919442602099
        ],
        [
          0.0,
          0.0,
          0.0,
          1.0
        ]
      ],
      "file_path": "results_cropped/test2_c1/rgb_full/0033.png",
      "frame": 33
    },
    {
      "camera_model": "OPENCV",
      "camera_label": "test2_c1",
      "w": 3840,
      "h": 2160,
      "fl_x": 2543.0016,
      "fl_y": 2543.0016,
      "cx": 1920.0,
      "cy": 1080.0,
      "k1": 0.0,
      "k2": 0.0,
      "p1": 0.0,
      "p2": 0.0,
      "transform_matrix": [
        [
          0.8621845784864571,
          0.021882710909291007,
          -0.5061214277062289,
          0.44
        ],
        [
          -0.5063118768901467,
          0.0038681991447705307,
          -0.8623417654012552,
          0.6499999999999999
        ],
        [
          -0.016912597083479947,
          0.9997530615100095,
          0.014414578081063263,
          1.4497919442602099
        ],
        [
          0.0,
          0.0,
          0.0,
          1.0
        ]
      ],
      "file_path": "results_cropped/test2_c1/rgb_full/0034.png",
      "frame": 34
    },
    {
      "camera_model": "OPENCV",
      "camera_label": "test2_c1",
      "w": 3840,
      "h": 2160,
      "fl_x": 2543.0016,
      "fl_y": 2543.0016,
      "cx": 1920.0,
      "cy": 1080.0,
      "k1": 0.0,
      "k2": 0.0,
      "p1": 0.0,
      "p2": 0.0,
      "transform_matrix": [
        [
          0.8621845784864571,
          0.021882710909291007,
          -0.5061214277062289,
          0.44
        ],
        [
          -0.5063118768901467,
          0.0038681991447705307,
          -0.8623417654012552,
          0.6499999999999999
        ],
        [
          -0.016912597083479947,
          0.9997530615100095,
          0.014414578081063263,
          1.4497919442602099
        ],
        [
          0.0,
          0.0,
          0.0,
          1.0
        ]
      ],
      "file_path": "results_cropped/test2_c1/rgb_full/0035.png",
      "frame": 35
    },
    {
      "camera_model": "OPENCV",
      "camera_label": "test2_c1",
      "w": 3840,
      "h": 2160,
      "fl_x": 2543.0016,
      "fl_y": 2543.0016,
      "cx": 1920.0,
      "cy": 1080.0,
      "k1": 0.0,
      "k2": 0.0,
      "p1": 0.0,
      "p2": 0.0,
      "transform_matrix": [
        [
          0.8621845784864571,
          0.021882710909291007,
          -0.5061214277062289,
          0.44
        ],
        [
          -0.5063118768901467,
          0.0038681991447705307,
          -0.8623417654012552,
          0.6499999999999999
        ],
        [
          -0.016912597083479947,
          0.9997530615100095,
          0.014414578081063263,
          1.4497919442602099
        ],
        [
          0.0,
          0.0,
          0.0,
          1.0
        ]
      ],
      "file_path": "results_cropped/test2_c1/rgb_full/0036.png",
      "frame": 36
    },
    {
      "camera_model": "OPENCV",
      "camera_label": "test2_c1",
      "w": 3840,
      "h": 2160,
      "fl_x": 2543.0016,
      "fl_y": 2543.0016,
      "cx": 1920.0,
      "cy": 1080.0,
      "k1": 0.0,
      "k2": 0.0,
      "p1": 0.0,
      "p2": 0.0,
      "transform_matrix": [
        [
          0.8621845784864571,
          0.021882710909291007,
          -0.5061214277062289,
          0.44
        ],
        [
          -0.5063118768901467,
          0.0038681991447705307,
          -0.8623417654012552,
          0.6499999999999999
        ],
        [
          -0.016912597083479947,
          0.9997530615100095,
          0.014414578081063263,
          1.4497919442602099
        ],
        [
          0.0,
          0.0,
          0.0,
          1.0
        ]
      ],
      "file_path": "results_cropped/test2_c1/rgb_full/0037.png",
      "frame": 37
    },
    {
      "camera_model": "OPENCV",
      "camera_label": "test2_c1",
      "w": 3840,
      "h": 2160,
      "fl_x": 2543.0016,
      "fl_y": 2543.0016,
      "cx": 1920.0,
      "cy": 1080.0,
      "k1": 0.0,
      "k2": 0.0,
      "p1": 0.0,
      "p2": 0.0,
      "transform_matrix": [
        [
          0.8621845784864571,
          0.021882710909291007,
          -0.5061214277062289,
          0.44
        ],
        [
          -0.5063118768901467,
          0.0038681991447705307,
          -0.8623417654012552,
          0.6499999999999999
        ],
        [
          -0.016912597083479947,
          0.9997530615100095,
          0.014414578081063263,
          1.4497919442602099
        ],
        [
          0.0,
          0.0,
          0.0,
          1.0
        ]
      ],
      "file_path": "results_cropped/test2_c1/rgb_full/0038.png",
      "frame": 38
    },
    {
      "camera_model": "OPENCV",
      "camera_label": "test2_c1",
      "w": 3840,
      "h": 2160,
      "fl_x": 2543.0016,
      "fl_y": 2543.0016,
      "cx": 1920.0,
      "cy": 1080.0,
      "k1": 0.0,
      "k2": 0.0,
      "p1": 0.0,
      "p2": 0.0,
      "transform_matrix": [
        [
          0.8621845784864571,
          0.021882710909291007,
          -0.5061214277062289,
          0.44
        ],
        [
          -0.5063118768901467,
          0.0038681991447705307,
          -0.8623417654012552,
          0.6499999999999999
        ],
        [
          -0.016912597083479947,
          0.9997530615100095,
          0.014414578081063263,
          1.4497919442602099
        ],
        [
          0.0,
          0.0,
          0.0,
          1.0
        ]
      ],
      "file_path": "results_cropped/test2_c1/rgb_full/0039.png",
      "frame": 39
    },
    {
      "camera_model": "OPENCV",
      "camera_label": "test2_c1",
      "w": 3840,
      "h": 2160,
      "fl_x": 2543.0016,
      "fl_y": 2543.0016,
      "cx": 1920.0,
      "cy": 1080.0,
      "k1": 0.0,
      "k2": 0.0,
      "p1": 0.0,
      "p2": 0.0,
      "transform_matrix": [
        [
          0.8621845784864571,
          0.021882710909291007,
          -0.5061214277062289,
          0.44
        ],
        [
          -0.5063118768901467,
          0.0038681991447705307,
          -0.8623417654012552,
          0.6499999999999999
        ],
        [
          -0.016912597083479947,
          0.9997530615100095,
          0.014414578081063263,
          1.4497919442602099
        ],
        [
          0.0,
          0.0,
          0.0,
          1.0
        ]
      ],
      "file_path": "results_cropped/test2_c1/rgb_full/0040.png",
      "frame": 40
    },
    {
      "camera_model": "OPENCV",
      "camera_label": "test2_c1",
      "w": 3840,
      "h": 2160,
      "fl_x": 2543.0016,
      "fl_y": 2543.0016,
      "cx": 1920.0,
      "cy": 1080.0,
      "k1": 0.0,
      "k2": 0.0,
      "p1": 0.0,
      "p2": 0.0,
      "transform_matrix": [
        [
          0.8621845784864571,
          0.021882710909291007,
          -0.5061214277062289,
          0.44
        ],
        [
          -0.5063118768901467,
          0.0038681991447705307,
          -0.8623417654012552,
          0.6499999999999999
        ],
        [
          -0.016912597083479947,
          0.9997530615100095,
          0.014414578081063263,
          1.4497919442602099
        ],
        [
          0.0,
          0.0,
          0.0,
          1.0
        ]
      ],
      "file_path": "results_cropped/test2_c1/rgb_full/0041.png",
      "frame": 41
    },
    {
      "camera_model": "OPENCV",
      "camera_label": "test2_c1",
      "w": 3840,
      "h": 2160,
      "fl_x": 2543.0016,
      "fl_y": 2543.0016,
      "cx": 1920.0,
      "cy": 1080.0,
      "k1": 0.0,
      "k2": 0.0,
      "p1": 0.0,
      "p2": 0.0,
      "transform_matrix": [
        [
          0.8621845784864571,
          0.021882710909291007,
          -0.5061214277062289,
          0.44
        ],
        [
          -0.5063118768901467,
          0.0038681991447705307,
          -0.8623417654012552,
          0.6499999999999999
        ],
        [
          -0.016912597083479947,
          0.9997530615100095,
          0.014414578081063263,
          1.4497919442602099
        ],
        [
          0.0,
          0.0,
          0.0,
          1.0
        ]
      ],
      "file_path": "results_cropped/test2_c1/rgb_full/0042.png",
      "frame": 42
    },
    {
      "camera_model": "OPENCV",
      "camera_label": "test2_c1",
      "w": 3840,
      "h": 2160,
      "fl_x": 2543.0016,
      "fl_y": 2543.0016,
      "cx": 1920.0,
      "cy": 1080.0,
      "k1": 0.0,
      "k2": 0.0,
      "p1": 0.0,
      "p2": 0.0,
      "transform_matrix": [
        [
          0.8621845784864571,
          0.021882710909291007,
          -0.5061214277062289,
          0.44
        ],
        [
          -0.5063118768901467,
          0.0038681991447705307,
          -0.8623417654012552,
          0.6499999999999999
        ],
        [
          -0.016912597083479947,
          0.9997530615100095,
          0.014414578081063263,
          1.4497919442602099
        ],
        [
          0.0,
          0.0,
          0.0,
          1.0
        ]
      ],
      "file_path": "results_cropped/test2_c1/rgb_full/0043.png",
      "frame": 43
    },
    {
      "camera_model": "OPENCV",
      "camera_label": "test2_c1",
      "w": 3840,
      "h": 2160,
      "fl_x": 2543.0016,
      "fl_y": 2543.0016,
      "cx": 1920.0,
      "cy": 1080.0,
      "k1": 0.0,
      "k2": 0.0,
      "p1": 0.0,
      "p2": 0.0,
      "transform_matrix": [
        [
          0.8621845784864571,
          0.021882710909291007,
          -0.5061214277062289,
          0.44
        ],
        [
          -0.5063118768901467,
          0.0038681991447705307,
          -0.8623417654012552,
          0.6499999999999999
        ],
        [
          -0.016912597083479947,
          0.9997530615100095,
          0.014414578081063263,
          1.4497919442602099
        ],
        [
          0.0,
          0.0,
          0.0,
          1.0
        ]
      ],
      "file_path": "results_cropped/test2_c1/rgb_full/0044.png",
