%YAML:1.0
---
names:
  - "test2_c1"
  - "test2_c2"
  - "test2_c3"
  - "test2_c4"
R_test2_c1: !!opencv-matrix
  rows: 3
  cols: 1
  dt: d
  data: [1.5399247651, -0.4325413701, 0.4006157253]

Rot_test2_c1: !!opencv-matrix
  rows: 3
  cols: 3
  dt: d
  data: [0.8621845785, -0.5063118769, -0.0169125971, -0.0218827109, -0.0038681991, -0.9997530615, 0.5061214277, 0.8623417654, -0.0144145781]

T_test2_c1: !!opencv-matrix
  rows: 3
  cols: 1
  dt: d
  data: [-0.0257387475, 1.4615766571, -0.7623174365]

t_test2_c1: 0.0000000000
n_test2_c1: 0.2000000000
f_test2_c1: 20.0000000000
bounds_test2_c1: !!opencv-matrix
  rows: 2
  cols: 3
  dt: d
  data: [-1000000.0000000000, -1000000.0000000000, -1000000.0000000000, 1000000.0000000000, 1000000.0000000000, 1000000.0000000000]

R_test2_c2: !!opencv-matrix
  rows: 3
  cols: 1
  dt: d
  data: [0.5211548243, -1.9359925636, 1.9061053156]

Rot_test2_c2: !!opencv-matrix
  rows: 3
  cols: 3
  dt: d
  data: [-0.8619217025, -0.5070072720, -0.0058825871, -0.0020055528, 0.0150107156, -0.9998853215, 0.5070374311, -0.8618110608, -0.0139548914]

T_test2_c2: !!opencv-matrix
  rows: 3
  cols: 1
  dt: d
  data: [14.4162830102, 0.8847685562, 23.5830353214]

t_test2_c2: 0.0000000000
n_test2_c2: 0.2000000000
f_test2_c2: 20.0000000000
bounds_test2_c2: !!opencv-matrix
  rows: 2
  cols: 3
  dt: d
  data: [-1000000.0000000000, -1000000.0000000000, -1000000.0000000000, 1000000.0000000000, 1000000.0000000000, 1000000.0000000000]

R_test2_c3: !!opencv-matrix
  rows: 3
  cols: 1
  dt: d
  data: [0.5295487802, 1.9231522251, -1.9182198671]

Rot_test2_c3: !!opencv-matrix
  rows: 3
  cols: 3
  dt: d
  data: [-0.8601052837, 0.5101123094, -0.0020815451, 0.0033915141, 0.0016379312, -0.9999929074, -0.5101052819, -0.8601062428, -0.0031388464]

T_test2_c3: !!opencv-matrix
  rows: 3
  cols: 1
  dt: d
  data: [-1.8475266447, 1.2396722394, 30.9608081977]

t_test2_c3: 0.0000000000
n_test2_c3: 0.2000000000
f_test2_c3: 20.0000000000
bounds_test2_c3: !!opencv-matrix
  rows: 2
  cols: 3
  dt: d
  data: [-1000000.0000000000, -1000000.0000000000, -1000000.0000000000, 1000000.0000000000, 1000000.0000000000, 1000000.0000000000]

R_test2_c4: !!opencv-matrix
  rows: 3
  cols: 1
  dt: d
  data: [1.5081425569, 0.3610585905, -0.3822556482]

Rot_test2_c4: !!opencv-matrix
  rows: 3
  cols: 3
  dt: d
  data: [0.8887579638, 0.4583379132, -0.0059698477, -0.0201594152, 0.0260729820, -0.9994567512, -0.4579332700, 0.8883954958, 0.0324123947]

T_test2_c4: !!opencv-matrix
  rows: 3
  cols: 1
  dt: d
  data: [-12.7531090606, 1.6210670256, 6.7464347908]

t_test2_c4: 0.0000000000
n_test2_c4: 0.2000000000
f_test2_c4: 20.0000000000
bounds_test2_c4: !!opencv-matrix
  rows: 2
  cols: 3
  dt: d
  data: [-1000000.0000000000, -1000000.0000000000, -1000000.0000000000, 1000000.0000000000, 1000000.0000000000, 1000000.0000000000]

