%YAML:1.0
---
names:
  - "test2_c1"
  - "test2_c2"
  - "test2_c3"
  - "test2_c4"
K_test2_c1: !!opencv-matrix
  rows: 3
  cols: 3
  dt: d
  data: [2543.0016000000, 0.0000000000, 1920.0000000000, 0.0000000000, 2543.0016000000, 1080.0000000000, 0.0000000000, 0.0000000000, 1.0000000000]

H_test2_c1: 2160.0000000000
W_test2_c1: 3840.0000000000
D_test2_c1: !!opencv-matrix
  rows: 5
  cols: 1
  dt: d
  data: [0.0000000000, 0.0000000000, 0.0000000000, 0.0000000000, 0.0000000000]

ccm_test2_c1: !!opencv-matrix
  rows: 3
  cols: 3
  dt: d
  data: [1.0000000000, 0.0000000000, 0.0000000000, 0.0000000000, 1.0000000000, 0.0000000000, 0.0000000000, 0.0000000000, 1.0000000000]

K_test2_c2: !!opencv-matrix
  rows: 3
  cols: 3
  dt: d
  data: [2566.3488000000, 0.0000000000, 1920.0000000000, 0.0000000000, 2566.3488000000, 1080.0000000000, 0.0000000000, 0.0000000000, 1.0000000000]

H_test2_c2: 2160.0000000000
W_test2_c2: 3840.0000000000
D_test2_c2: !!opencv-matrix
  rows: 5
  cols: 1
  dt: d
  data: [0.0000000000, 0.0000000000, 0.0000000000, 0.0000000000, 0.0000000000]

ccm_test2_c2: !!opencv-matrix
  rows: 3
  cols: 3
  dt: d
  data: [1.0000000000, 0.0000000000, 0.0000000000, 0.0000000000, 1.0000000000, 0.0000000000, 0.0000000000, 0.0000000000, 1.0000000000]

K_test2_c3: !!opencv-matrix
  rows: 3
  cols: 3
  dt: d
  data: [2554.0608000000, 0.0000000000, 1920.0000000000, 0.0000000000, 2554.0608000000, 1080.0000000000, 0.0000000000, 0.0000000000, 1.0000000000]

H_test2_c3: 2160.0000000000
W_test2_c3: 3840.0000000000
D_test2_c3: !!opencv-matrix
  rows: 5
  cols: 1
  dt: d
  data: [0.0000000000, 0.0000000000, 0.0000000000, 0.0000000000, 0.0000000000]

ccm_test2_c3: !!opencv-matrix
  rows: 3
  cols: 3
  dt: d
  data: [1.0000000000, 0.0000000000, 0.0000000000, 0.0000000000, 1.0000000000, 0.0000000000, 0.0000000000, 0.0000000000, 1.0000000000]

K_test2_c4: !!opencv-matrix
  rows: 3
  cols: 3
  dt: d
  data: [2981.8880000000, 0.0000000000, 1920.0000000000, 0.0000000000, 2981.8880000000, 1080.0000000000, 0.0000000000, 0.0000000000, 1.0000000000]

H_test2_c4: 2160.0000000000
W_test2_c4: 3840.0000000000
D_test2_c4: !!opencv-matrix
  rows: 5
  cols: 1
  dt: d
  data: [0.0000000000, 0.0000000000, 0.0000000000, 0.0000000000, 0.0000000000]

ccm_test2_c4: !!opencv-matrix
  rows: 3
  cols: 3
  dt: d
  data: [1.0000000000, 0.0000000000, 0.0000000000, 0.0000000000, 1.0000000000, 0.0000000000, 0.0000000000, 0.0000000000, 1.0000000000]

